-5.603781282337 2.028517953591 -0.092195238204
-5.609023670088 1.626493290894 -0.089427933038
-5.595177498833 1.200065776683 -0.038924779034
-5.594752585283 0.751810823507 0.007191525242
-5.581819994557 0.313536100334 0.052122776991
-5.581650388269 -0.105307171519 0.134353971332
-5.586980624219 -0.500958152211 0.155933948725
-5.568332238582 -0.949545596152 0.210771299832
-5.136830187545 -0.818040671144 0.213705256952
-5.148091685091 -0.408729082350 0.142195226825
-5.148372710890 0.013583137796 0.091142337864
-5.154926012786 0.460190183723 0.037649347704
-5.160395468508 0.899459040337 -0.020313041435
-5.148759248067 1.337690507477 -0.071615905758
-5.179648783325 1.777582878380 -0.093015814704
-5.175352762492 2.210556637674 -0.210692248537
-4.703035764293 2.057469350223 -0.159819898376
-4.659004628077 1.601172953349 -0.092790412941
-4.661401216209 1.165651095503 -0.065307369760
-4.672062609480 0.758856683674 -0.011609100553
-4.675256540621 0.320180784990 0.034415466149
-4.649355009866 -0.094224897435 0.084196083179
-4.678324891985 -0.536512183119 0.144706946856
-4.650694806043 -0.969894837915 0.154658879091
-4.216181202806 -0.784202864437 0.132247094728
-4.204896984459 -0.334924771866 0.100871005738
-4.227854687652 0.072709260204 0.035575592900
-4.229062579685 0.517889770419 -0.024323958817
-4.245486630452 0.925778890942 -0.066591425729
-4.237366146579 1.358438048142 -0.102223908082
-4.248631178669 1.791266498434 -0.169392234486
-4.257220252171 2.232412225303 -0.190787918466
-3.739680815517 2.076363412407 -0.186136660146
-3.773095709071 1.626492693441 -0.143207551360
-3.712621617274 1.183946622323 -0.097340056399
-3.787996195034 0.627824850599 -0.038913410477
-3.700957916829 0.186211228701 0.017509968080
-3.771667718984 -0.353469583607 0.093880659026
-3.699222497234 -0.799964456326 0.130439087589
-3.268795222823 -0.791978242251 0.113133752310
-3.315219157687 -0.398945489966 0.058185319040
-3.241076280950 0.172858220609 0.008545166785
-3.329048148735 0.647029250075 -0.044724612101
-3.298929571969 1.102555409327 -0.091836903788
-3.311430458434 1.542693683986 -0.151891661284
-3.336939231856 1.922114495672 -0.200234102885
-3.296805184991 2.375026563698 -0.247742044303
-2.851451690777 2.071401758814 -0.219363874479
-2.812312459545 1.614868623089 -0.177584351795
-2.819740395176 1.197932093142 -0.137545548844
-2.803699136430 0.758840840502 -0.087899558264
-2.808163315341 0.322354677668 -0.035596547843
-2.795957870981 -0.109088367582 0.013847717734
-2.800268772516 -0.544790678881 0.097825688034
-2.792674034785 -0.980580945783 0.133736677975
-2.360505433223 -0.785953349547 0.106355477195
-2.341833438550 -0.335040752765 0.026685164531
-2.351092446031 0.106015825516 -0.007690207957
-2.371343941966 0.559897295682 -0.074836995932
-2.387958820203 0.993243183382 -0.132872304941
-2.385026248935 1.444554533550 -0.191828572405
-2.397018157368 1.867390757276 -0.231520930671
-2.408900563950 2.320224117801 -0.313331395703
-1.916149217840 2.089761492406 -0.255208616680
-1.882859531739 1.639887180737 -0.205083517461
-1.895115548229 1.244267035611 -0.172238543631
-1.884845856979 0.803855144868 -0.120197551585
-1.869070439769 0.389431045461 -0.068817749982
-1.879231823023 -0.036036332334 -0.010135307891
-1.873258153032 -0.477971922718 0.069573168533
-1.867425776432 -0.900499708698 0.077273672063
-1.432876616527 -0.763166053528 0.058933623362
-1.426737314425 -0.308925264991 -0.011061522296
-1.433345110822 0.126158726736 -0.049705688096
-1.444748221208 0.542027525902 -0.111516440284
-1.448021362113 1.001119374175 -0.163820314940
-1.463018536735 1.449247228946 -0.198436127567
-1.451784990185 1.871891519864 -0.285068778306
-1.466549684194 2.326501075212 -0.355612725335
-0.993194054408 2.086076867441 -0.276428652610
-0.966269693817 1.645969010306 -0.258640972748
-0.956677617332 1.218403202125 -0.200283597105
-0.955635031061 0.792532386874 -0.153641868854
-0.945327749906 0.365027541969 -0.104582888714
-0.946397338314 -0.059121151128 -0.044049899302
-0.938279148926 -0.483062623255 0.011046166822
-0.953608262048 -0.916110321299 0.080502298445
-0.498751487732 -0.736703374142 0.054440499732
-0.517084892002 -0.336276322004 -0.060063277226
-0.522470860613 0.117269270816 -0.087309331975
-0.514703478108 0.559087481027 -0.132521172395
-0.528000511973 0.978222398238 -0.176359260826
-0.524346805562 1.394364378913 -0.261399925751
-0.525043591155 1.818959245234 -0.297415390206
-0.526043640851 2.232435925207 -0.393888028133
-0.049532700445 2.102061871789 -0.338042585251
-0.029996454467 1.658781077383 -0.289756289087
-0.034774255715 1.222713346913 -0.233800533994
-0.026166646531 0.790265353928 -0.188525837009
-0.029020528715 0.350767869100 -0.141216657175
-0.008811371250 -0.048095642289 -0.103850192292
-0.013353615829 -0.475659927285 -0.041042769985
-0.024203990491 -0.922504021026 0.065679116596
0.414605327757 -0.740552166573 -0.002608149979
0.426149771270 -0.284902342388 -0.082303740514
0.425649863478 0.151393991575 -0.141290474613
0.395925487451 0.600319276729 -0.195937424927
0.397492190646 1.047326136200 -0.249321718314
0.391903723550 1.496068857672 -0.292002702578
0.393035386549 1.910286249858 -0.368364234451
0.387452209831 2.333361879903 -0.431080342619
0.869790138472 2.121300881577 -0.367513805219
0.886817405600 1.671732220138 -0.336145602006
0.904008318470 1.234627462753 -0.277003470296
0.896358812958 0.829771640955 -0.225832429695
0.898386815936 0.401951116690 -0.183019285558
0.900398853362 -0.005204192271 -0.137057645154
0.896469292806 -0.441138029601 -0.049703897191
0.917653020277 -0.851733154538 -0.025018369461
1.340530307774 -0.750131794068 -0.102637541000
1.334408001875 -0.308294146664 -0.140506168780
1.325131662944 0.146991029643 -0.177707621848
1.305735589777 0.577853322489 -0.243936132485
1.312711507153 0.977104753165 -0.290073742784
1.300839202942 1.434084088790 -0.322715217137
1.761393621746 1.567969505717 -0.345661067508
1.813416744459 1.131796427753 -0.289963620552
1.801934913373 0.714092167412 -0.238493772890
1.814789430041 0.288400661497 -0.187368742773
1.815871736429 -0.097269156726 -0.145914449543
1.809818640010 -0.537520632895 -0.022806289875
1.837804140989 -0.952997540559 -0.095144332279
2.259002901892 -0.737204949809 -0.120058468754
2.253348832600 -0.282423991044 -0.153127264026
2.239096512707 0.147274272036 -0.204487567286
2.215409919286 0.603222394236 -0.264959494308
2.204447212130 1.039082907212 -0.306649877072
2.190429778004 1.501469229419 -0.320678880455
2.653621696769 1.425088158428 -0.358477921129
2.711897631285 0.988910761329 -0.325337676145
2.700378153809 0.561546828908 -0.261339050344
2.726662998962 0.137313389899 -0.224262929943
2.735125156523 -0.297705331534 -0.163851356712
2.750889535505 -0.718002456934 -0.073781477952
3.212408233937 -0.723039716431 -0.137485316439
3.197110968641 -0.328826650786 -0.222631070606
3.218331689156 0.127395074549 -0.254226244180
3.220156983831 0.559753110137 -0.294866645586
3.156855355502 0.837682872055 -0.273536652140
2.764821157280 0.992900505545 -0.310741190216
2.380082336517 1.172659317340 -0.305705375048
2.001068890664 1.355187419062 -0.342862415754
1.609808694847 1.528358406667 -0.345837835136
1.237634783597 1.717048080763 -0.357618355542
0.877488245626 1.817489288894 -0.352846324697
0.445564508521 1.807366384248 -0.335264645970
0.029928364729 1.822354245861 -0.330666975133
-0.380853646747 1.829598303815 -0.333335425908
-0.824803758626 1.834758715525 -0.303433868444
-1.264002337679 1.855883605368 -0.291400619261
-1.684677329110 1.860399983866 -0.250180990095
-2.113280793079 1.887882534706 -0.230542656404
-2.531516771061 1.866380937270 -0.212520350985
-2.940029986271 1.924276600751 -0.188552441643
-3.336956618898 1.901034427478 -0.178406243166
-3.762205866392 1.907670789506 -0.177858267009
-4.181591271750 1.909697767679 -0.169037788365
-4.603003165110 1.925666404746 -0.138830566968
-5.029385345551 1.951973825400 -0.151284566647
-5.464728438489 1.962919936684 -0.065251404695
-5.905899782063 1.954819858334 -0.037763371519
-5.602345377185 1.541725953035 -0.040886583752
-5.146307198712 1.534281792732 -0.075445520846
-4.695760068008 1.558950455540 -0.107636358725
-4.246403675477 1.557530544596 -0.119423574296
-3.797973779567 1.558039395958 -0.136948535304
-3.353322781607 1.575803122117 -0.177530683258
-2.901530366428 1.570313877894 -0.183394277870
-2.445805668664 1.586007036328 -0.200174521293
-1.991301167354 1.595173375520 -0.220736516362
-1.531299190857 1.580684376259 -0.232984728746
-1.072183406442 1.593975896674 -0.258957218273
-0.617862065271 1.585733039479 -0.285556413325
-0.188203106617 1.616792797098 -0.322176842596
0.265237104588 1.586589076338 -0.326324191766
0.693800487003 1.604503412145 -0.347477671294
1.135772668596 1.597281050218 -0.353283060887
1.570523172240 1.597859598942 -0.356334971323
2.008473096256 1.606649160121 -0.372714808731
2.470283236850 1.620677383590 -0.406257089886
2.929780598809 1.635659022906 -0.413229552743
2.662849409907 1.136492524405 -0.313852860095
2.222267273159 1.118218975019 -0.307604623422
1.786980837907 1.114622240920 -0.301423932243
1.375900578083 1.111516583117 -0.270568842744
0.934925460092 1.112809537516 -0.256526169839
0.518915507238 1.107522409240 -0.241995070680
0.098789151090 1.098441387745 -0.195893294311
-0.317062059221 1.106778463664 -0.193276751103
-0.737414361656 1.090256932333 -0.178154555086
-1.179011959260 1.101742142906 -0.167892340467
-1.583217615745 1.084369163050 -0.153507545021
-2.012154966230 1.100113399155 -0.139955762489
-2.421630334558 1.071739550835 -0.122946243779
-2.842154859568 1.091988276050 -0.095477801905
-3.266183210833 1.061664743693 -0.085307896443
-3.685758258784 1.075967841861 -0.090039666277
-4.104606541624 1.075389978507 -0.070505339508
-4.495609574846 1.051615804192 -0.019582693420
-4.926981345552 1.061264830226 -0.015655384389
-5.354994761156 1.036079566767 -0.003354442793
-5.793951829126 1.048406279858 0.044291413702
-5.593815185713 0.615391407661 0.052577694065
-5.137179130242 0.628516988441 0.017076015075
-4.682539968895 0.632105742224 -0.003351695490
-4.229367271521 0.634197745893 -0.022170937440
-3.777448149689 0.642295838898 -0.023411328395
-3.336363281225 0.641371931299 -0.058260649319
-2.888538332747 0.645301498349 -0.085856280608
-2.436570274193 0.661925414573 -0.094136768912
-1.992836656463 0.644768708376 -0.114696590979
-1.537430056588 0.653821725213 -0.132150954784
-1.083839638762 0.664127379666 -0.149527541497
-0.629014561901 0.666860054715 -0.181938671395
-0.175059516700 0.674830375234 -0.205247749235
0.278922851042 0.679631013836 -0.213803644684
0.737656083109 0.679026873424 -0.228112765883
1.179320675466 0.682820601902 -0.232254262716
1.634456684537 0.681545917498 -0.252724606573
2.088832763700 0.689223493456 -0.278857198778
2.539347480713 0.685571517860 -0.309746843113
2.994956529735 0.697326372900 -0.325060755825
3.415213040637 0.703132680317 -0.343574272871
3.280665727672 0.255624966689 -0.242544747103
2.874715691080 0.212177181031 -0.229626903875
2.460307524821 0.208945558155 -0.203428351621
2.039678972214 0.201276827928 -0.183435656520
1.626071258308 0.191002471824 -0.181868190301
1.181896352605 0.186181649882 -0.145958394058
0.767868353565 0.191861019662 -0.146482224404
0.348845234498 0.181875957696 -0.120724585695
-0.067851691863 0.185411325966 -0.114512363917
-0.512611853716 0.168691062658 -0.083854732982
-0.928223070406 0.197264712698 -0.082547312253
-1.340384253107 0.160047308662 -0.048254383408
-1.746767662372 0.174583348868 -0.030789655245
-2.176292702533 0.167044270641 -0.018712449052
-2.594493177268 0.161645151890 -0.009155214930
-3.019500232634 0.150883743446 0.015739805955
-3.455114827641 0.148802707727 0.023802427953
-3.869294082005 0.141395348738 0.051936491965
-4.301117231130 0.135612301012 0.054641039162
-4.731886112041 0.126347853908 0.086681076277
-5.170949109301 0.130976225233 0.101084660265
-5.583036815996 0.116110436827 0.098698148057
-5.584418954357 -0.302863465250 0.153008164899
-5.145917874549 -0.300227823089 0.169052451855
-4.710162483896 -0.304957319046 0.148695152111
-4.259814930207 -0.284668632211 0.088573426195
-3.828087825389 -0.280129016809 0.061325613480
-3.361283949053 -0.278136231149 0.057450484053
-2.886640596687 -0.284973782624 0.067454868204
-2.421497255119 -0.276905154228 0.041284993922
-1.971200543242 -0.275075440881 0.012316341667
-1.536000371306 -0.269312340738 -0.008679759344
-1.076867932050 -0.261759463984 -0.032243120804
-0.621616855483 -0.269209081174 -0.066539664265
-0.165941628278 -0.256164091952 -0.092220916950
0.293937336214 -0.264418605115 -0.079064837997
0.752721575662 -0.251132060823 -0.105083483503
1.206905256904 -0.256618242603 -0.119532305235
1.638693236975 -0.238130624010 -0.136255521725
2.070405028750 -0.244227141902 -0.174220772242
2.533231167265 -0.226195185470 -0.180995502361
2.993450113903 -0.240529840997 -0.183391548539
3.449089008714 -0.229965461203 -0.220487464011
3.291044114337 -0.672173700590 -0.075956468330
2.862533185114 -0.706964985271 -0.075182280327
2.457144567985 -0.696915015562 -0.041722404440
2.042940270325 -0.716396599435 -0.039033589833
1.617006994959 -0.715763204594 -0.008592893330
1.184944923445 -0.729078233569 0.002211824470
0.328987105265 -0.731986626209 0.028987635252
-0.100124682147 -0.716361416017 0.051720129739
-0.522639883126 -0.746749894262 0.077903813974
-0.944989783965 -0.728890184308 0.095987685559
-1.369836058507 -0.758379190713 0.101526022044
-1.780503374564 -0.720025713947 0.140913259071
-2.185260544600 -0.745872116865 0.151786204484
-2.613384825096 -0.761757509976 0.157743840355
-3.009973356476 -0.768580765507 0.115109112168
-3.413104854193 -0.777069286480 0.120595797161
-3.832781363535 -0.783073140265 0.100114370654
-4.273515796933 -0.791990952028 0.155543362975
-4.705720770380 -0.795894987514 0.172327675892
-5.136119966781 -0.799247318052 0.185568092001
-5.571334350952 -0.814264293148 0.191208853713
