47.069018889003 8.409778055615 655.922912597656
47.068690277735 8.410227777693 657.123779296875
47.068341944483 8.410671666463 656.907470703125
47.067986944384 8.411162778007 658.097412109375
47.067629444467 8.411616666582 658.839599609375
47.067305000027 8.412078055276 659.489318847656
47.066996944447 8.412509722180 658.380920410156
47.066636388567 8.412968611187 658.710205078125
47.066435000102 8.412334721883 653.959777832031
47.066772500003 8.411884444555 656.470825195312
47.067113888893 8.411424166361 657.826416015625
47.067470555570 8.410941388872 658.070922851562
47.067806944450 8.410476666556 660.283691406250
47.068138611052 8.409987221824 659.855407714844
47.068520277739 8.409569444656 659.044799804688
47.068841388888 8.409065833622 658.489501953125
47.068355000019 8.408713055717 654.877929687500
47.067976666689 8.409156944487 657.952819824219
47.067623611093 8.409639721976 660.543212890625
47.067303055525 8.410092222426 660.982177734375
47.066957500014 8.410579444038 659.528198242188
47.066621667014 8.410994444953 660.978820800781
47.066295555962 8.411516388787 660.737487792969
47.065935833189 8.411954166624 660.797119140625
47.065785555310 8.411253055996 659.493713378906
47.066131389406 8.410753055149 661.108703613281
47.066466111077 8.410320000119 662.580505371094
47.066819722222 8.409830000136 662.956787109375
47.067149166663 8.409408333037 663.071472167969
47.067487499979 8.408935832977 661.596313476562
47.067825555536 8.408464722104 662.556274414062
47.068171666728 8.408021389114 661.576477050781
47.067666388883 8.407589444584 658.177307128906
47.067338611086 8.408133055369 660.539428710938
47.066942222218 8.408534444703 659.775512695312
47.066550278134 8.409241389169 659.606811523438
47.066140555276 8.409608333376 659.058776855469
47.065762777328 8.410278889338 660.663879394531
47.065365833706 8.410668332842 660.616882324219
47.065074444877 8.410169166989 657.744201660156
47.065433888965 8.409799166785 660.657226562500
47.065828611586 8.409088611603 660.138000488281
47.066257777744 8.408677222464 661.130676269531
47.066592778100 8.408148333232 660.593017578125
47.066946388880 8.407676944203 660.351074218750
47.067264722255 8.407291944292 661.317810058594
47.067585277756 8.406757777532 660.844787597656
47.067004444434 8.406576944457 657.515319824219
47.066608611213 8.407034722434 661.085510253906
47.066281110975 8.407505833308 660.785400390625
47.065931389067 8.407957777977 661.035217285156
47.065597777896 8.408435555564 661.405029296875
47.065245832867 8.408891388575 661.341613769531
47.064903611077 8.409360556073 662.315673828125
47.064558055666 8.409832499822 661.578308105469
47.064410833783 8.409130000008 656.978027343750
47.064760833316 8.408605833583 657.873229980469
47.065110832850 8.408143889109 658.649108886719
47.065488333172 8.407660555310 659.831970214844
47.065833055708 8.407214444478 661.124328613281
47.066184999678 8.406717222002 662.155517578125
47.066528333028 8.406275277668 662.509826660156
47.066881944438 8.405793611209 661.830322265625
47.066338333554 8.405489999983 654.940002441406
47.065957778295 8.405937500000 659.010620117188
47.065644999610 8.406395277977 660.388916015625
47.065291944080 8.406861111323 661.576721191406
47.064957222409 8.407292500072 661.315795898438
47.064622222053 8.407759722074 661.133300781250
47.064274722205 8.408222777579 660.509826660156
47.063935555352 8.408691388766 660.484680175781
47.063748333189 8.408029166857 658.142517089844
47.064116111332 8.407521111170 660.264282226562
47.064460277557 8.407067500220 661.500000000000
47.064796667099 8.406615833177 662.342773437500
47.065161389245 8.406121389071 662.755615234375
47.065522500144 8.405659722222 663.268981933594
47.065849444071 8.405185555352 662.206604003906
47.066208055284 8.404700833427 661.900878906250
47.065654444165 8.404428333441 656.261291503906
47.065292778015 8.404875833193 658.359924316406
47.064944999483 8.405330555704 659.153198242188
47.064605833689 8.405796944300 659.384887695312
47.064260278278 8.406245277723 660.001403808594
47.063929166794 8.406710000038 660.314208984375
47.063582777447 8.407159999741 659.958679199219
47.063248888652 8.407641389105 660.200927734375
47.063077778286 8.406945833100 657.611572265625
47.063421944512 8.406501944330 659.776123046875
47.063784166972 8.406020555496 660.071228027344
47.064123333825 8.405537778007 660.518615722656
47.064463055929 8.405096944703 661.066101074219
47.064792778227 8.404628333516 661.440612792969
47.065133888457 8.404180000093 660.942993164062
47.065456944572 8.403719722165 661.647705078125
47.064983055327 8.403341944483 656.382507324219
47.064608611001 8.403789722125 658.942382812500
47.064271666209 8.404277222157 658.838012695312
47.063927222358 8.404733888838 660.080810546875
47.063584999508 8.405206111272 661.137329101562
47.063254444334 8.405621111128 661.450622558594
47.062913889355 8.406093055407 661.826782226562
47.062563888762 8.406563888656 661.107177734375
47.062408889135 8.405875555674 657.171508789062
47.062772499720 8.405360555649 658.844421386719
47.063112778134 8.404889722400 659.713317871094
47.063481666777 8.404432222313 660.490295410156
47.063836666743 8.403951944510 661.383728027344
47.064197500017 8.403478055530 662.104125976562
47.064526667065 8.403015555541 662.989196777344
47.064865555233 8.402558333344 663.504211425781
47.064318888982 8.402249444326 657.923583984375
47.063953055276 8.402723333306 659.932800292969
47.063598332935 8.403171111213 659.920227050781
47.063281944063 8.403620555666 660.708190917969
47.062941666709 8.404086666637 660.019104003906
47.062613611221 8.404531666438 660.087402343750
47.062268611060 8.404994722472 660.882812500000
47.061934722265 8.405424722036 660.415527343750
47.061724166870 8.404813055462 656.843200683594
47.062085277769 8.404335555500 659.137084960938
47.062443888982 8.403858333429 659.306396484375
47.062798056073 8.403411111037 660.694274902344
47.063112221824 8.402968055672 661.086303710938
47.063485833274 8.402490277820 661.466125488281
47.063234722349 8.401822777722 656.365112304688
47.062853055530 8.402223611143 658.869995117188
47.062525000042 8.402696666718 660.371826171875
47.062178889381 8.403137222131 659.671020507812
47.061875555250 8.403555555609 661.045715332031
47.061522222095 8.404030000104 660.702270507812
47.061179443995 8.404474722015 661.643310546875
47.061063610713 8.403744166692 657.149414062500
47.061429999669 8.403253333304 659.268371582031
47.061788888507 8.402796666622 661.151123046875
47.062158055835 8.402332777712 661.014709472656
47.062507222493 8.401875277758 661.789123535156
47.062881666819 8.401403888861 661.789184570312
47.062467499839 8.400947222246 659.003906250000
47.062083888584 8.401349166632 660.977600097656
47.061749722163 8.401818888850 661.019714355469
47.061392777761 8.402256388929 660.570190429688
47.061038333045 8.402720833355 659.781921386719
47.060694444444 8.403138611052 660.575073242188
47.060380555259 8.402627777788 660.146301269531
47.060711389118 8.402204444408 662.758972167969
47.061053055657 8.401695277823 663.360595703125
47.061391666200 8.401231388913 663.497924804688
47.061633056005 8.401026111113 657.817382812500
47.062057778041 8.401283611059 658.084289550781
47.062480000390 8.401540277799 658.713806152344
47.062910833359 8.401773055527 658.908020019531
47.063331666523 8.402046944433 659.473815917969
47.063753888872 8.402265833219 661.003417968750
47.064090833664 8.402580833435 657.408996582031
47.064407500161 8.403079444567 659.687683105469
47.064726943970 8.403555555609 659.946777343750
47.065037499534 8.404023333391 659.895629882812
47.065363332960 8.404520277977 659.150817871094
47.065700555378 8.405005833308 658.935791015625
47.066010000441 8.405475833151 659.459716796875
47.066344722112 8.405935277939 660.196105957031
47.066643333435 8.406434166696 662.380798339844
47.066979166667 8.406848888927 660.052429199219
47.067265277770 8.407317777740 660.613769531250
47.067578055527 8.407801944415 660.803710937500
47.067889166673 8.408279444377 660.991821289062
47.068208611144 8.408750555780 662.499572753906
47.068537777795 8.409217222002 662.195983886719
47.068860277732 8.409693888558 662.726196289062
47.069172777865 8.410206111272 662.909973144531
47.068630277713 8.410291111204 657.900207519531
47.068278888861 8.409776944054 658.475219726562
47.067966666619 8.409232222239 659.870605468750
47.067639166647 8.408715555403 659.562194824219
47.067311388916 8.408197222286 657.979309082031
47.066990833349 8.407663333151 658.369812011719
47.066652500365 8.407158611086 658.049804687500
47.066330278185 8.406620555454 658.909973144531
47.066007499695 8.406084722413 658.866271972656
47.065661111408 8.405567777952 658.948425292969
47.065334166421 8.405030555725 658.884216308594
47.064989722570 8.404523888694 658.984375000000
47.064693055683 8.403989722199 659.074890136719
47.064340555403 8.403497499890 659.721496582031
47.064046666887 8.402982500129 658.404174804688
47.063718889025 8.402479166720 658.725891113281
47.063401388592 8.401981388860 658.161499023438
47.063086111281 8.401464722157 658.621276855469
47.062755555047 8.400928333335 658.917602539062
47.062436944114 8.400383888880 659.526000976562
47.062248333825 8.401254722277 657.907226562500
47.062555000517 8.401780833271 658.816406250000
47.062874999576 8.402286388874 659.585510253906
47.063172778024 8.402766388787 659.533630371094
47.063491944207 8.403269166682 660.262390136719
47.063797500398 8.403758611149 660.323608398438
47.064096944597 8.404257777797 660.161499023438
47.064412499534 8.404726388719 659.573791503906
47.064701388677 8.405221389135 659.059204101562
47.065030833350 8.405719999737 658.108581542969
47.065319722493 8.406198055479 659.162719726562
47.065650555293 8.406672222349 658.906005859375
47.065928055445 8.407170277701 660.755798339844
47.066251389186 8.407626944648 660.466308593750
47.066547222137 8.408151388698 661.258300781250
47.066868333336 8.408618611230 661.197204589844
47.067171388898 8.409094722536 660.676208496094
47.067442222238 8.409576944775 661.928405761719
47.067762777805 8.410063333511 662.608520507812
47.068059444427 8.410575277540 661.948974609375
47.068383055528 8.411062777837 661.475524902344
47.067891944382 8.411289443970 658.122924804688
47.067560833361 8.410752499898 659.282287597656
47.067226388918 8.410218055513 658.714477539062
47.066895277782 8.409694166183 658.949401855469
47.066576111052 8.409162777795 657.964477539062
47.066247222688 8.408662778007 658.621215820312
47.065916666455 8.408138888677 658.087524414062
47.065605278015 8.407602222231 658.947875976562
47.065261667040 8.407107499970 658.720886230469
47.064940277735 8.406572222180 658.272888183594
47.064614166684 8.406036944389 658.678405761719
47.064282222324 8.405515833431 658.742309570312
47.063947221968 8.404994166692 658.556030273438
47.063622222477 8.404466944271 658.503173828125
47.063285277685 8.403936666648 657.618286132812
47.062965277566 8.403426666790 657.509826660156
47.062633055581 8.402896388902 657.501770019531
47.062304444843 8.402367222309 657.160400390625
47.061967222426 8.401849444442 657.342712402344
47.061638333003 8.401318611172 657.219909667969
47.061333888372 8.400836111108 657.566223144531
47.061076111264 8.401508888933 655.326416015625
47.061350833045 8.402016111083 657.315307617188
47.061655832926 8.402499166595 657.079528808594
47.061959722307 8.402985555596 658.308105468750
47.062262777752 8.403481666777 659.034484863281
47.062575277752 8.403988333278 659.757873535156
47.062881111569 8.404473055734 659.258300781250
47.063186944326 8.404962777562 658.170227050781
47.063499444326 8.405439999898 658.888610839844
47.063800555335 8.405961666637 659.183410644531
47.064125833511 8.406411666870 657.121215820312
47.064412221909 8.406919722027 658.511474609375
47.064722222222 8.407399444580 659.039001464844
47.065028333664 8.407891111374 659.066772460938
47.065339722104 8.408374444644 659.353027343750
47.065643333859 8.408879444334 659.020507812500
47.065963055293 8.409373888440 658.943420410156
47.066261388991 8.409861943987 658.140930175781
47.066571666929 8.410352222655 658.640014648438
47.066878888888 8.410862777498 658.262817382812
47.067205833329 8.411354444292 658.458312988281
47.067504444453 8.411839166217 658.659912109375
47.067173611124 8.412278333240 657.220825195312
47.066849722217 8.411775277456 658.187622070312
47.066525833342 8.411275555293 658.106872558594
47.066200833850 8.410729444292 658.228027343750
47.065886667040 8.410223611196 658.175109863281
47.065551389058 8.409687777625 658.231872558594
47.065198611153 8.409157222112 657.860900878906
47.064863610797 8.408616666794 657.697509765625
47.064529722002 8.408097222116 658.223876953125
47.064212222629 8.407583055496 656.891723632812
47.063887222078 8.407041389147 657.706970214844
47.063543333477 8.406517499818 657.971923828125
47.063217222426 8.405970277786 657.907287597656
47.062882222070 8.405455833541 658.656188964844
47.062550555335 8.404917222129 658.088806152344
47.062209166421 8.404404444430 657.860717773438
47.061903888914 8.403883888986 656.520874023438
47.061579722299 8.403390555647 657.053710937500
47.061258610619 8.402845277786 656.978027343750
47.060915833579 8.402328888840 658.583618164062
47.060580833223 8.401805000040 656.933227539062
47.060323888991 8.402495277723 656.568420410156
47.060616389381 8.403023055659 658.020812988281
47.060927777820 8.403489722146 657.931518554688
47.061219999525 8.403986388842 657.045104980469
47.061529166963 8.404475000170 656.545898437500
47.061836388906 8.404985833168 656.929809570312
47.062153889338 8.405471389029 657.479125976562
47.062466110653 8.405973055628 658.388000488281
47.062790833579 8.406455833117 658.825805664062
47.063084166845 8.406970277892 658.953674316406
47.063404166963 8.407441944546 658.277099609375
47.063690832986 8.407962777880 658.220886230469
47.064020000034 8.408391388787 658.791687011719
47.064311111238 8.408874444432 658.107421875000
47.064613889058 8.409385277430 657.823303222656
47.064910833571 8.409850556056 657.814514160156
47.065207778083 8.410323333740 657.975585937500
47.065523333020 8.410812222163 658.734008789062
47.065824722714 8.411332500246 658.912292480469
47.066138888465 8.411826944351 660.205810546875
47.066458333333 8.412325556013 660.252929687500
